import numpy as np
import tensorflow as tf
import sys
import math
from scipy.stats import norm
from scipy.stats import uniform
from BaseDistribution import *
from TransformedDistribution import *
from ColumnsDistribution import *


########################################################################


class TransformedColumnsDistribution(BaseDistribution):
    """
    """

    def __init__(self):
        BaseDistribution.__init__(self, dim = 20)
        
        self.inner_cols_dis = ColumnsDistribution(dim = 20)
        
        # Random transformation matrix
        # with determinant 1
        self.A = np.array([[ 1.90704135e-01, -1.03706818e-01,  2.87080085e-01,
        -2.24115607e-01, -2.96220322e-02, -2.00017067e-01,
         1.07420472e-01,  1.45939799e-01, -2.11510470e-01,
         2.90260037e-01, -1.09926743e-01, -1.38214861e-01,
         7.39138407e-02, -1.73910764e-01, -1.58279581e-01,
        -1.38856972e-01, -5.12741096e-01, -8.94244111e-02,
        -4.65075432e-01,  1.38203328e-01],
       [ 2.54157669e-01,  9.72120677e-03, -4.25381258e-01,
        -1.65311223e-01, -7.32519109e-02,  3.16785766e-01,
        -6.51314216e-02, -1.53534853e-01, -2.94111694e-01,
        -2.97756820e-01, -2.85308807e-01,  1.22281380e-01,
        -1.10724770e-01, -9.55035066e-02,  9.42833152e-03,
        -2.52106498e-01, -4.07919150e-01,  1.48102460e-01,
         2.19848116e-01,  1.70452831e-02],
       [ 2.13837698e-01,  4.35577026e-01, -2.50319656e-02,
         2.97552176e-01,  1.40307240e-01,  1.77038150e-01,
         1.79253182e-01, -7.10653564e-02,  5.07340489e-02,
         2.35684257e-01,  3.33915080e-01, -4.06094930e-01,
        -1.97930666e-01, -3.22136609e-01, -1.46204612e-01,
        -1.64195869e-01, -6.72063429e-02,  1.38970011e-01,
         1.21959537e-01, -1.50499483e-01],
       [ 2.29971825e-01,  2.35126465e-01,  1.58420112e-01,
        -2.23857003e-02,  2.87268620e-01,  1.33325519e-01,
        -3.52231148e-01,  4.03451114e-01, -1.61522847e-02,
        -1.93998935e-02,  4.55239109e-02,  1.62348247e-01,
        -1.08553457e-01, -1.26312424e-01,  3.54695129e-01,
        -1.87927750e-01,  1.01384726e-01, -3.60466001e-01,
         7.97850581e-02,  3.38497968e-01],
       [ 1.68709235e-01,  7.70914534e-02, -1.78165495e-01,
        -6.61545928e-02,  3.23673824e-01, -2.16202087e-01,
         4.75022027e-01,  1.29138946e-01, -1.73273685e-02,
        -3.05472906e-01, -1.87205709e-01, -3.59566427e-02,
        -2.16262061e-01, -4.28909211e-02, -3.54871726e-01,
         2.99579441e-01,  1.57803981e-01, -1.90573488e-01,
         2.80581785e-02,  2.81767192e-01],
       [ 2.38265575e-01,  1.43263380e-01,  3.23225051e-01,
         1.01182056e-01,  2.22068216e-01, -4.24708290e-01,
        -1.32128709e-01, -2.03895612e-01, -3.86400150e-01,
        -1.93494524e-01,  1.53408990e-01,  9.19709633e-02,
        -1.50512414e-01,  2.57608882e-01,  1.82536036e-01,
         2.23159059e-01, -1.77186352e-01,  1.98776911e-01,
         1.30192805e-01, -2.01342323e-01],
       [ 2.79579926e-01, -1.62797928e-01, -5.86375005e-02,
        -2.11398563e-01, -1.78520507e-01, -1.54862203e-02,
        -3.71463145e-01,  1.87233788e-01, -1.95066910e-01,
         1.19455231e-01, -2.02696444e-01, -5.81504491e-01,
        -1.60227753e-01,  1.35365515e-01, -1.04123883e-01,
         1.28700751e-01,  3.41221005e-01,  4.77604700e-02,
         9.56523695e-02, -1.05994479e-01],
       [ 2.20148935e-01, -2.67223800e-01,  2.59200965e-01,
        -3.48342982e-01,  1.55930129e-01,  1.94560055e-02,
         1.36887538e-01, -2.64686829e-01,  2.43602026e-01,
         1.17285157e-01, -2.45881300e-03,  2.41121126e-01,
        -4.23370778e-01,  1.86754400e-02, -6.04651676e-02,
        -3.97344315e-01,  2.73889032e-01,  1.22122216e-01,
         1.46222648e-03, -1.25711392e-01],
       [ 2.74834233e-01,  1.05359473e-01,  1.35585987e-01,
        -1.96819740e-01, -5.73374634e-02,  2.72574082e-01,
         7.41237415e-02,  1.22961299e-02,  3.31281502e-01,
        -3.36057660e-01,  2.71171768e-01, -2.05618232e-01,
         2.13806318e-01,  5.35961439e-01, -1.03513592e-01,
        -4.02908492e-02, -1.99964863e-01, -2.03164108e-01,
        -6.57867077e-02, -6.01941311e-02],
       [ 1.91457811e-01, -2.34983092e-01,  1.80777146e-01,
         2.93340161e-01, -3.65900702e-02,  2.14595475e-01,
         2.36285794e-01,  2.56954426e-01,  1.52660465e-01,
         5.02990912e-02, -3.45189310e-01,  7.11801608e-02,
        -1.28073093e-01, -7.85011303e-02,  2.22291071e-01,
         2.52921604e-01, -1.74804068e-01, -2.17786875e-01,
         1.14727637e-01, -4.92946359e-01],
       [ 2.23304218e-01, -2.57257131e-02, -4.13566391e-01,
         1.72073687e-01,  3.26658323e-01, -2.51109479e-01,
        -1.88027609e-01,  3.34468985e-01,  1.61164411e-01,
         1.50742708e-01, -1.65671389e-02,  2.32902107e-01,
         2.19263840e-01,  1.94760411e-01, -2.35966926e-01,
        -2.10659524e-01, -4.75631985e-03,  1.72782694e-01,
        -1.48866241e-01, -3.00869538e-01],
       [ 2.43388344e-01,  2.43683991e-01, -1.21589184e-01,
        -1.87437781e-01,  5.78409285e-02, -2.77673910e-01,
         1.18032949e-01, -3.46625601e-01,  2.92226942e-01,
         2.43065097e-01, -3.48108205e-01, -1.41543891e-01,
         3.77387450e-01, -3.30943339e-02,  3.90702777e-01,
         2.65667900e-02,  2.92203222e-02, -5.20266353e-02,
         1.65078206e-01,  5.96683021e-02],
       [ 2.30141811e-01,  2.47039796e-02, -1.60146528e-01,
         2.76454478e-01, -5.76178718e-01, -3.29822403e-01,
         2.55481080e-01,  1.40130650e-01, -1.03114951e-02,
        -1.62178682e-01,  9.92219866e-02,  1.22312340e-02,
        -1.89306474e-01,  9.30990418e-02,  2.82716476e-01,
        -3.06277128e-01,  1.42988577e-01, -8.44652753e-03,
        -1.79308874e-01,  1.06622196e-01],
       [ 2.32700446e-01, -2.03358735e-01, -4.04096623e-02,
         6.51155788e-02, -8.76307509e-02, -1.91362905e-01,
        -3.50703084e-01, -2.92134625e-01,  1.89041139e-01,
        -3.44463408e-01,  1.82873652e-01,  8.43615229e-03,
         1.03973847e-01, -5.28089340e-01, -1.53969081e-01,
         9.20142117e-02,  2.74541623e-02, -3.07817330e-01,
        -1.26023284e-01, -1.57587751e-01],
       [ 1.99527977e-01,  2.04898606e-01, -4.50516851e-02,
        -2.70830109e-01, -1.22669508e-01,  2.03103159e-01,
         2.37732868e-01,  1.27417770e-02, -4.62819922e-01,
         1.14896626e-01,  1.87819585e-01,  2.89174359e-01,
         3.10962024e-01, -9.74490092e-02, -6.76534358e-03,
         1.04883625e-01,  3.61388813e-01, -1.51993161e-01,
        -1.33748076e-01, -3.07757495e-01],
       [ 1.75957009e-01,  1.14449497e-01,  2.05901599e-02,
        -3.09807805e-01, -2.35656127e-01,  5.57129199e-03,
        -4.24724202e-02,  3.07742364e-01,  3.23261613e-01,
        -8.22297356e-03,  1.71003077e-01,  2.06750150e-01,
        -5.93725006e-02, -2.32062167e-01,  4.81299972e-02,
         4.15888833e-01, -1.02561506e-01,  5.24594092e-01,
         3.46260903e-02,  1.06458345e-01],
       [ 2.23633992e-01, -4.08554226e-01, -3.09022911e-01,
         1.31333656e-01,  2.53238692e-01,  2.45874156e-01,
         5.63174345e-02, -2.03397977e-01, -5.92004594e-02,
         1.79237363e-01,  2.75909961e-01, -7.35710289e-02,
        -6.81467794e-02,  9.74804318e-02,  3.40180897e-01,
         2.82145806e-01, -5.05875480e-03,  6.83927742e-02,
        -3.29991983e-01,  2.46896636e-01],
       [ 2.15583387e-01,  2.12554612e-01,  2.89443614e-01,
         3.66636519e-01, -3.46067190e-02,  2.74097732e-01,
        -1.27438501e-01, -1.79674304e-01,  2.38811214e-02,
        -1.26780371e-01, -4.19167616e-01,  9.54798128e-02,
         1.26317847e-01,  3.30201935e-02, -1.66833728e-01,
         3.92422970e-02,  2.31007699e-01,  2.91734840e-01,
        -3.81428263e-01,  1.82896273e-01],
       [ 2.10225414e-01, -4.28392880e-01,  2.39002756e-01,
         1.74593297e-01,  3.72987005e-02, -1.56767089e-04,
         1.83766314e-01,  1.32302659e-01, -1.24351715e-01,
        -6.56208547e-02,  1.26841957e-01, -4.86788409e-02,
         4.71440044e-01, -1.12599645e-01, -8.28678102e-02,
        -1.73846575e-01,  8.71950404e-02,  2.10646003e-01,
         4.59392924e-01,  2.42375288e-01],
       [ 2.20671036e-01,  2.70987729e-02, -3.25243953e-02,
         1.76295746e-01, -2.99408603e-01, -2.84534072e-03,
        -1.33474574e-01, -1.86385408e-01,  2.05827025e-02,
         4.52092260e-01,  5.83508015e-02,  3.21753008e-01,
        -1.20986377e-01,  2.17766867e-01, -3.59227919e-01,
         1.80578462e-01, -1.15873733e-01, -2.81505687e-01,
         2.96303031e-01,  2.45563455e-01]])

        self.dis = TransformedDistribution(self.inner_cols_dis, self.A)


    def sample(self, size):
        return self.dis.sample(size)


    def pdf(self, samples):
        return self.dis.pdf(samples)


    def log_pdf(self, samples):
        return self.dis.log_pdf(samples)

                
    def score(self, samples):
        return self.dis.score(samples)

########################################################################


